#Gang || fvorw채rts in hz || fr체ckw채rts in hz (erste messung hatte 10 sekunden laufzeit), messung der schwebung wurde nicht durchgef체hrt
6 165956 165907
6 165956 165907
6 165955 165907
6 165955 165907
6 165955 165907
12 16598 16589
12 16598 16589
12 16598 16589
12 16598 16589
12 16598 16589
18 16601 16586
18 16601 16586
18 16601 16586
18 16601 16586
18 16601 16586
24 16603 16584
24 16603 16584
24 16603 16584
24 16603 16584
24 16604 16584
30 16606 16581
30 16606 16581
30 16606 16582
30 16606 16581
30 16606 16581
36 16608 16579
36 16607 16579
36 16609 16579
36 16608 16579
36 16607 16579
42 16611 16577
42 16611 16577
42 16611 16577
42 16611 16577
42 16611 16577
48 16614 16574
48 16613 16574
48 16613 16574
48 16613 16574
48 16613 16574
54 16615 16572
54 16615 16572
54 16616 16572
54 16615 16572
54 16615 16572
60 16618 16569
60 16618 16569
60 16618 16570
60 16618 16569
60 16618 16569

