0          0.0061        0.00      2500.5
  5          0.0087       21.05      2488.6
 10          0.0123       42.03      2476.9
 15          0.0170       62.96      2465.1
 20          0.0234       83.86      2453.4
 25          0.0317      104.74      2441.7
 30          0.0424      125.61      2429.9
 40          0.0737      167.34      2406.2
 50          0.1233      209.11      2382.2
 60          0.1992      250.91      2357.9
 70          0.3116      292.78      2333.1
 80          0.4736      334.72      2307.8
 90          0.7011      376.75      2268.8
100          1.0132      418.88      2255.5
110          1.4326      461.13      2228.5
120          1.9853      503.5       2200.7
140          3.614       588.9       2142.9
160          6.180       675.2       2081.3
180         10.027       762.7       2014.9
200         15.551       851.8       1941.9
220         23.201       943.0       1860.4

