#T in grad C|| P in bar|| kritsiceh stelle bei temperatur 151-156-> abschreibefehler wenn vorhanden warsch dort
29 0.93
32 0.93
37 0.93
42 0.93
46 0.93
50 0.93
56 0.94
64 0.94
69 0.94
74 0.94
80 0.94
86 0.94
94 0.95
99 0.95
103 0.95
106 0.95
109 0.95
112 0.96
115 0.96
118 0.96
121 0.96
124 0.97
127 0.97
130 0.98
133 0.98
136 0.99
139 1.00
142 1.02
145 1.04
148 1.07
151 1.11
156 1.20
157 1.22
158 1.25
159 1.28
160 1.31
161 1.35
162 1.40
163 1.46
164 1.53
165 1.61
166 1.71
167 1.80
168 1.89
169 2.01
170 2.20
171 2.32
172 2.50
173 2.66
174 2.81
175 2.96
176 3.10
177 3.24
178 3.36
179 3.50
180 3.64
181 3.79
182 3.94
184 4.27
185 4.45
186 4.64
187 4.82
188 5.01
189 5.23
190 5.43
191 5.65
192 5.85
193 6.09
194 6.35
195 6.58
196 6.85
197 7.12
198 7.37
200 7.94
