#T in grad C || P in mbar
20.5 32
21 36
21.5 39
22 42
22.5 45
23 49
23.5 52
24 54
24.5 57
25 59
25.5 61
26 63
26.5 65
27 66
27.5 68
28 70
28.5 71
29.5 72
30 75
30.5 77
31.5 80
32 82
32.5 84
33 85
33.5 87
34 89
34.5 90
35 92
35.5 93
36 95
36.5 96
37 99
37.5 101
38 102
38.5 104
39 106
39.5 108
40 110
40.5 112
41 113
41.5 115
42 117
42.5 119
43 121
43.5 123
44 127
44.5 128
45 129
45.5 132
46 134
46.5 136
47 139
47.5 141
48 143
48.5 144
49 147
49.5 149
50 152
50.5 155
51 159
51.5 163
52 165
52.5 168
53 171
53.5 174
54 177
54.5 179
55 182
55.5 186
56 189
56.5 193
57 196
57.5 199
58 202
58.5 206
59 210
59.5 213
60 217
60.5 221
61 224
61.5 229
62 234
62.5 237
63 241
63.5 245
64 250
64.5 254
65 258
65.5 262
66 268
66.5 272
67 277
67.5 283
68 288
68.5 293
69 298
69.5 304
70 310
70.5 316
71 322
71.5 328
72 334
72.5 342
73 349
73.5 357
74 365
75 372
75.5 378
76 387
76.5 396
77 404
77.5 414
78 421
78.5 429
79 438
79.5 449
80 456
80.5 464
81 474
81.5 484
82 493
82.5 504
83 513
83.5 522
84 532
84.5 545
85 555
85.5 568
86 576
86.5 596
87 611
87.5 621
88 632
88.5 643
89 658
89.5 668
90 683
90.5 695
91 708
91.5 722
92 736
92.5 751
93 762
93.5 778
94 793
94.5 806
95 825
95.5 838
96 854
96.5 869
97 884
97.5 897
98 915
98.5 931
99 949
99.5 965
100 982
100.5 988

