144.3 12.670 800
153.8 12.280 600
164.2 11.800 600
171.8 11.400 580
179.9 11.090 580
194.4 10.530 560
208.6 9.980 540
224.0 9.500 536
241.3 9.030 536
252.1 8.630 520
269.5 8.240 496
286.7 7.840 480
308.3 7.370 472
329.7 6.970 456
346.3 6.650 444
382.1 6.180 416
415.4 5.700 396
441.1 5.460 380
471.4 5.070 360
525.3 4.590 332
595.0 4.120 324
687.0 3.640 292
759.0 3.320 268
902.0 2.850 232
1195.0 2.380 184
1223.0 2.220 180
1515.0 1.820 152
1929.0 1.290 NA
2699.0 0.950 89
3372.0 0.797 NA
5171.0 0.487 49
8750.0 0.316 NA
10510.0 0.277 24
20490.0 0.194 NA
52150.0 0.162 5
144000.0 0.154 NA
