#Frequenz || A_C || A
10 2.16 2.23
20 2.16 2.23
40 2.18 2.23
80 2.18 2.17
160 2.18 2.17
320 2.18 2.17
640 2.18 2.17
1280 2.18 2.17
2560 2.18 2.17
5120 2.24 2.17
10240 2.65 2.25
16110 3.38 2.25
18750 4.08 2.25
19680 4.81 2.25
21200 5.57 2.17
22350 6.31 2.17
23180 6.86 2.17
24110 7.61 2.10
25210 8.26 2.10
26070 8.40 2.16
27450 7.71 2.10
28210 7.02 2.10
28840 6.33 2.10
31230 4.54 2.17
32530 3.85 2.17
34530 3.16 2.17
36010 2.38 2.17
39760 1.64 2.17
45590 1.07 2.17
50000 0.835 2.17
56150 0.626 2.17
68900 0.330 2.17
103000 0.110 2.17
