#dicke 0.15 mm, breite 0.25mm
#abstand von mitte in mm || strom in nA
-20 5.2
-19.5 6
-19 9
-18.5 16
-18 20
-17.5 14
-17 10
-16.5 20
-16 31
-15.5 32
-15 24
-14.5 14
-14 12
-13.5 18
-13 36
-12.5 66
-12 72
-11.5 46
-11 22
-10.5 10
-10 12
-9.5 22
-9 42
-8.5 55
-8 50
-7.5 40
-7 90
-6.5 180
-6 200
-5.5 120
-5 60
-4.5 50
-4 120
-3.5 500
-3 1210
-2.5 1880
-2 1580
-1.5 760
-1 780
-0.5 2800
0 5000
0.5 6200
1 4600
1.5 2100
2 600
2.5 850
3 1600
3.5 1450
4 800
4.5 280
5 60
5.5 56
6 120
6.5 195
7 235
7.5 170
8 68
8.5 40
9 63
9.5 76
10 60
10.5 41
11 36
11.5 17
12 30
12.5 64
13 87
13.5 70
14 35
14.5 12
15 9.2
15.5 13.5
16 23
16.5 34
17 32
17.5 18
18 9.6
18.5 15
19 23
19.5 20.5
20 12
