#breite 0.1 mm, abstand 0.4 mm
#abstand in mm || strom in nA
-20 17
-19.5 10.5
-19 18
-18.5 20.5
-18 11
-17.5 11
-16.5 7.5
-16 6
-15.5 12
-15 11
-14.5 15
-14 32
-13.5 28
-13 24
-12.5 56
-12 59
-11.5 31
-11 48
-10.5 52
-10 30
-9.5 22
-9 31
-8.5 20
-8 29
-7.5 66
-7 56
-6.5 125
-6 275
-5.5 200
-5 260
-4.5 630
-4 560
-3.5 430
-3 940
-2.5 900
-2 560
-1.5 1000
-1 1300
-0.5 600
0 800
0.5 1100
1 600
1.5 500
2 720
2.5 390
3 220
3.5 310
4 200
4.5  70
5 77
5.5 48
6 13
6.5 14
7 20
7.5 16
8 33
8.5 51
9 34
9.5 38
10 62
10.5 42
11 23
12.5 34
13 25
13.5 7
14.5 9
15 3.8
15.5 6.6
16 10.5
16.5 8.2
17 14
17.5 22
18 15
18.5 14
19 24
19.5 14
20 6.6 
