#Daten
#   Iheiz1 = 2.0, Uheiz1 = 4; Iheiz2=2.1; Iheiz3=2.2; Iheiz4=2.3;Iheiz5=2.4;
#U I in mikroampere 
0 0 0 0 0 0
10 19 29 34 35 37
20 44 65 80 82 83
30 70 106 132 134 141
40 93 152 188 205 218
50 109 191 250 270 299
60 122 224 307 364 388
70 130 251 368 438 489
80 134 271 431 535 594
90 138 291 488 620 704
100 140 302 540 704 816
110 142 309 586 793 929
120 143 315 624 872 1049
130 144 318 653 942 1156
140 145 322 675 1015 1266
150 146 325 695 1083 1380
160 147 327 708 1144 1489
170 148 329 718 1197 1586
180 149 331 726 1244 1686
190 150 333 733 1284 1787
200 151 335 740 1322 1882
210 152 337 744 1352 1989
220 152 338 749 1376 2070
230 153 340 753 1395 2160
240 153 341 756 1411 2240
250 154 343 760 1429 2320
