#Durchmesser: 10 mm
#Länge 60 cm
#eingespannte Länge: 10 cm
#verwendete Lastmasse: 1212,3 g
# Masse des stabes: 502,4 g
#sollte dasselbe material wie beim runden stab sein vll. Messing
#Länge des freihängenden Stückes || delta x in 0,001 mm ohne last || delta x in 0,001mm mit Last
3 9030 9000
4 9120 9040
5 9110 9070
6 9210 9080
7 9280 9070
8 9310 9050
9 9360 9010
10 9410 8970
11 9440 8940
12 9470 8870
13 9500 8810
14 9540 8770
15 9590 8690
16 9610 8590
17 9620 8490
18 9620 8360
19 9630 8250
20 9640 8170
21 9640 8020
22 9620 7840
23 9620 7710
24 9640 7570
25 9630 7420
26 9615 7240
27 9590 7080
28 9590 6920
29 9590 6730
30 9560 6550
31 9560 6380
32 9540 6220
33 9540 6010
34 9510 5820
35 9500 5640
36 9490 5450
37 9490 5250
38 9490 5080
39 9450 4880
40 9410 4670
41 9400 4480
42 9390 4250
43 9380 4010
44 9370 3820
45 9340 3620
46 9320 3420
47 9300 3200
48 9300 3020

