# Es wird derselbe quadratische stab wie zuvor verwendet.
# Masse der Last 3531,3 g
#das gewicht hängt in der mitte
#die stabenden sind nicht fixiert.
verwendete Stablänge : 55,5 cm
#Länge || delta x in 0,001 mm ohne last || delta x in 0,001mm mit Last
3 8930 8640
4 8950 8610
5 9010 8570 
6 9030 8530
7 9090 8490
8 9110 8440
9 9140 8390
10 9210 8360
11 9230 8310
12 9230 8230
13 9250 8220
14 9320 8190
15 9340 8170
16 9360 8120
17 9350 8080
18 9350 7990
19 9320 7920
20 9340 7900
21 9320 7840
22 9290 7750
23 9260 7740
24 9260 7730
25 9260 7710
26 9270 7700 
29.5 8660 7050
30.5 8660 7070
31.5 8660 7100
32.5 8660 7120
33.5 8660 7140
34.5 8670 7180
35.5 8650 7210
36.5 8650 7250
37.5 8650 7290
38.5 8640 7330
39.5 8640 7390
40.5 8640 7430
41.5 8620 7480
42.5 8610 7540
43.5 8600 7600
44.5 8600 7660
45.5 8600 7760
46.5 8640 7850
47.5 8660 7950
48.5 8670 8040
49.5 8690 8130
50.5 8720 8250
51.5 8750 8370
52.5 8780 8490
