#Masse des stabes: 379,2 g
#masse des gewichtes: 741,5 g
#Durchmesser: 10 mm
#Länge: 57,5 cm
# in der vorrichtung eingespannte länge: 5,5 cm
#Länge des freihängenden Stückes || delta x in 0,001 mm ohne last || delta x in 0,001mm mit Last
3 8890 8820
4 8920 8820
5 8930 8780
6 8910 8730
7 8920 8670
8 8910 8590
9 8890 8490
10 8880 8410
11 8860 8310
12 8850 8190
13 8830 8080
14 8810 7950
15 8800 7790
16 8740 7640
17 8725 7490
18 8675 7320
19 8610 7130
20 8590 6990
21 8530 6800
22 8460 6600
23 8400 6390
24 8370 6170
25 8310 5970
26 8240 5750
27 8180 5540
28 8140 5320
29 8100 5110
30 8035 4880
31 7960 4650
32 7940 4450
33 7860 4190
34 7810 3950
35 7780 3690
36 7710 3490
37 7670 3280
38 7620 3010
39 7560 2720
40 7490 2490
41 7460 2230
42 7390 1890
43 7310 1670
44 7210 1400
45 7120 1110
46 6980 840
47 6890 520
48 6850 240

